This line is a comment block. Write whatever you want here.
This line is a comment block. Write whatever you want here.
This line is a comment block. Write whatever you want here.
This line is a comment block. Write whatever you want here.
This line is a comment block. Write whatever you want here.
This line is a comment block. Write whatever you want here.
This line is a comment block. Write whatever you want here.
251cf5fb231a15933f82efaff2fdecbc34bfb54a220d262a6f388be9e2c59a44 3 3 1180 1
78e6002b2741aac517a59e9f83f34dc6ffe74bc05392a846a91336c43f1601bb 73 1 34 11
7a2a763816734f6b05a3db033083df895a77bf612a2c7d3ed0592faad3ce31f4 3 3 123 1
6fe61023886b7694ec76cf6e0d5125423d28eeb9f727f6fc5a9c0568b38b6dec 16 14 1071 17
c9ca574de3ad8743172ec767ca6dc345b9dd022c9a50aff34df8f1ce22d60a02 63 11 11226 10175
af94c9544f86e8cb578b778f2e8cc311252d6c96fb8bdfff2ad5619746005ccd 203 15 2402 898
7c7323be6f80b955f0b7e6de9ea0c71ef7543fef9d9d3b8ecca30023df4d1294 1101 286 16416 11260
799531fbd0c69ace6ff5c63fdcf9e60ebaa28055adb895efa84326760ee7a654 31 2 7 17
7897ea26a41bd46a55ac09ea1de488c9ee890170e080db3a7389d7bbd646b386 78 0 0 0
6ec28057794d312b3a9a68a67883d953c26599f9eee07deed2be9d28aaec58da 326 0 0 0
27d2d528b786c096582d14b4733bb0405dbed36c79e43897b32ff5739556d585 230 21 2722 541
f70c3c249ccceda3840106fe9e6737f58e0e079c9c493eedf888480fccaf2cab 3985 1 162 26
733b0611258e28c0028c8faa510959a499466b426a9d86217373e89ef7984131 12 12 1425 167
66acf15ca2f28cbad66607d057d081f657060000e3a6442c4fd17d3acca37f3f 4 4 746 167
28f434a84ed0889896f4b2e0ad3c3e8cea7b932e229bcd074b4d0ca254bc0950 13 0 0 0
0640a160c3612f33f67ea21d1ad7eeeda8de339d2638454f34634c78bdad6bf0 51 0 0 0
a91ce3d53c7b9002117f4ada674643dc014c9cc577bef4d4fa5abc787fb9fd8e 222 83 5576 2497
fc4b3c462e5b9c7f5e22ef9acd2570ed46b1d0b0ba502348253962f5e2a0a839 13 0 0 0
b7f7a965d53387ef3f4dbce7210bb6cc0f9c56aed9a4a95940d2d549a6781676 7 0 0 0
e5d29ef86dfc34066f580978f2936d5519b7c09e92c504df2d48254a12cc8e6a 15 0 0 0
c73df97e1287c8684ac504b93e50140ec8eb0efa42f63f5164dee38eb0215dd9 8 8 2292 20
0e8d8a35ad77483610b493b2c2d5ccfaeb0aa5da8f550069922e137d221594f4 149 17 1433 477
ba77ac8410ead258620ce3f866b407ef05189b4acd71cd4241807f9a64caf9d1 8 0 0 0
e316e0e46f699d1426a803bd12e2d4c75e6293acf2daa28ee908684a2e906be3 8 0 0 0
ffc2990b68286423868ab8411a19141be9171023c4aded13519e7021be94f769 1 1 361 0
1250a456304ed1065790cb6a4de1cdc6adac1cb4f130df1d678a24c050eacbc4 1 1 2 0
2023e7fc4f4232d3df25672c38ab390defa561644bffcdd9dec14c3a56e798c2 14 0 0 0
e791a65736879c9708ddf26abc63f2d4f7df391facc55a1a6b3870bd0c2ecba7 103 0 0 0
ba7dbf78bfbe9cd0bbddc44ad9758d7a95e03a3b6d65ea6484f0334baea3763e 290 0 0 0
4e9941797f124b5213cf58d7938e4b9fff74bb0bbf00c5b36cd40f0cda72ddb9 335 0 0 0
181f9337d30f739c642c438e767b2b93a211318e0fd7ec8731ba83372cc21533 76 0 0 0
845827d97facde294c5042e93a0369967dcb119ec1a70c380b3f7e825ed4f67f 142 0 0 0
f7d497414b7d3dc4cf3944ffba5207cb824ffea43aa142e615cf0e5a21856423 114 101 100975 113870
a69aacdf2d1bbf40305bf79a8ec2448e2ff6756db91b26833ba0085429eae38c 5 5 12390 5831
41239572c615f4581101fbfc57c0ae1a5dc0bf58f51caeb84e8a63891cd8e583 2 0 0 0
b8d9cd2055276becd3f154f4800cf23d15f85019053f78c94101452431a26354 7 6 56980 238
b6df670f119b44cd1f311baa076a1d9689ed0c41ab4b9bf8aa9bd35ff909c7ba 716 32 164050 64264
f073c0b70c4a4b1930002d443c52309704dffa0f7d2d8c17105bf7f689b56f0b 1 1 526 0
e5488fb4029d572fa83cbc5f8aaea76bac37e45a1bbb6febb705ca39e782837e 2886 0 0 0
dc404906838c8c20142650cbb66baf9057814a0316f664283b6aec6e9aad2aa8 9 9 2293 663
168c03d0fa7d80f6c6a82d7246d7971012e4b9d38f768eb25717db392b96ab69 1327 9 2436 1556
b691f262d918d97784a5d587f4d09dd868034f900e35b6885fd2fd154f6cb36d 19 18 7818 1404
b337214bb286985921e4cf7cc2141311242b7073ed98cd794eb1ed8eef82ba3c 12 12 1161 107
ab4d898c9b4e49169f11dfd544e0b2060d902d0cd30c73449cc3cce4ca4ff2fb 6 6 4663 645
11030af7ff8ec8fc55941249354c49ef38e111e2270ce264d5909a4ca9463549 111 74 11393 25999
87629513fe7991e4154954c1c20c01000ffaa8ef88a7bdc94876c0bfff229ec7 15 15 28862 1415
799c65cea61ec799a292c72b1d14edec946afc08c08f2286fb747f156749fef9 175 21 8192 1117
de2ea3170986167327d5da5097c58bbf2a579a07acf2aea19f801d03afbd2f91 18 0 0 0
1d4a5886d190248859a2685360f39e3c3ee0de84fc3e6bd95f563f33cad87783 44 34 28000 18672
0345529ea2ba7dc281ee8993d93e92da8925d78ca943a9351258e945ef8d5034 11 0 0 0
ca427473c814d68506ab939de13d26192c0aabda74bc5e3c31d1a472f13f576e 1 1 9695 0
c9fd6755b48d4707ac02a7a931ad451bb712d0c79f6920d311b93cfb23633975 31 30 14786 4906
c51b6a136de7d60dd92b7d9f33ca7549f34dd33d37e01e356ec22ae6d16f1700 9 0 0 0
bd330b482d388fcc31ed962fdfc4347361d33cac89a164bf64c818bff88e2222 332 0 0 0
35d831d96fa658d4d1f93ffa7e3962cd25bbfc70afbaaff71d8973d87d37c273 9 5 972 9
ac378a7dae9dd91614f933f7f1e83582505759f269532188d08a76da9b2bce40 231 0 0 0
a93813ee0e7b37af2396918445e862bd8c538cfa8c8bcffb5ccf382ee7712429 11 4 11593 3992
b96347dad4624dc48b33874c95d3e5fabfd3a1bfb2dad1ab1c8d9121d7c9f303 2 2 3912 296
4811609b31a06d70a27ea30aa0a7164ff098631c30732c81d7c2ce1fc09d6a17 3 2 128 46
929a8b90f6c04a562ad4ee5f66d4a90d0c395895f4442e96d2b2cd1f1959da59 2 2 758 0
d3cdaa376a6149306aace797b6f36ed748196c94190fb1a0b5bb7bb04e87255a 24 0 0 0
e51ee388e376afd2622eff4dd579016b87049011516025581130717c8ffb2047 149 144 96796 13388
a34297b4aa51a9e4c961a9d689f060b7312954b6afd56ec46c665d4ea7c5982d 1258 1 226 6814
55aee0e3fba8c821f7a2ab6203a352a21b22d58e81a26b3e7a3e06bda5851583 6 4 250 2
9e3c64f527c089634201f1fa53b9a6620c8efd02b5d15a5c01e9785fb9b95dae 21 21 9774 598
b51f1ace760bb129f68c0a0233c7e4217cd81f7c03ed1d4766dd5e6029ef74e5 41 0 0 0
0506059e70696b076f1f951ed54a5ba3b5187713f90145c9dc47438580e16955 1325 6 1480 728
77732c16ebde6422644af6bf6bea36c5260ab667b3501f5b77442f9d1165153f 1 1 47414 0
e67e28a3330580096863ca6649e17bfc8492f4f2074d2e0eb9dec5aace3c9b69 16 0 0 0
00c5f71c06920ef0ec8d1ceeac6568e3c8fe58627b1b90954e0f02a297c4c35b 5 1 5 0
56f368bbe4568352cd174283028d59d1f4438778b0d64e929684b0e25737522d 382 0 0 0
aa274b3df24026a11a9c941d910d25a034edf693e908be1500acb399f57f09c5 84 0 0 0
0f50317d97acae1c81b52e7df4e209e1ec9dcc3b51986616c59fcab95e1a4ef7 178 0 0 0
0b405923b599cb97741a44e0520c645a62c300b6f153d985561d8ce4c8d19e76 19 19 14895 6537
8adffc27964fdb3bf17658365224e7e57c1e462e9a47a93847b3b55bbcb9c907 24 17 8281 3058
9743da082caf9a5dc98c348b4c32f6f0792a0cc633ebe2fce3887b700f1c002e 55 0 0 0
70131e4a5fb25374a8dd776fbb1dc8de856daa16b25a4fa1ac2f5d0ceab8090b 12 5 872 8
3e2d252cfd89cf1f6f1e25ef79c56c317698500687a69bb831c35310606f14f1 15 0 0 0
4076fd9250e140c5d329111d4b859a9021b19f521962c24f1966196ad2f0dea1 14 0 0 0
7ec9eb5e7988d232c8d72e8557f0f10e0bfa4d9bd85f458155eeb5a0f92068ec 7 2 1004 2
2d0910d67e12eb0dcf131d7c831be4b208f93efb1a2753a1cba6b0a35485f65a 7 1 534 158
e157e7b7b5e40aa6cf430e8a68c51fc61896c0af3bd8741f9ebe10ca96945965 80 0 0 0
a7dc20906c534249a6a5574f1e80ecc560f4caa23e2b8b28ee3e6b4e6cc4ec1d 78 78 990972 224060
e53a6f642a39de4f73c131e59fdfbd353a722a083832e9c479afbd67cb594c79 117 0 0 0
2bb3500a3586c05774e4236e0006b6a449a897efc759327376156d07c2aa8664 16 9 1298 22
03ec5df9ffc6507cb4f2844641c3bbda22ac2111dc631c5dd946563ad2c78b3f 100 2 4 6
a5f4736a3ab1f0e6583c8fe2ebb1eeaec0ebfaeadcd8f98343d35277d8dbb2be 16 16 13271 1459
094650ccfe54ffd65e1b08cf874b9fcf26be41be7dae301e083ec39d696159ec 49 45 450631 423792
133f8e9ad4b44469329257377f3f94fe83da4f093271472b51b222fb09e11bdb 18 3 153 37
6dcbdbbbf8172c6beaac0f51fa67aade5b99172118a308b0825a55bb02e95212 6 0 0 0
5ec30132dfee748b2eb25af110a6d9e27f64947324aee6227ff1a9932a1694ea 15 2 14344 1
16e261c3759f675ebf3431ad555e4b9d08bafa79d0e9b2817efa3f88596941f8 0 0 0 0
d876c7d06de4d35411113276fc3cedd2c1d7f0b118a2166974d88f5e97379a10 32 29 20527 2710
f1d66802c32ca7c5e77247a0775163241c461c82edb5fe6a4282b2a100e36fbb 1 1 2 0
1966593e87b8c18fb647207361152c7222778be0b476cb67f5b895f0cbc45cd5 20 15 18035 1442
29f854061dd80918ebd631b4234aa44728b34b2c885e42cbcb7796e548b16a34 23 12 28353 11011
23d4ce30a3abb6464bd4dd8d284f178608a0ddb8013529593c26e0482e6b23c5 11 9 17974 340
65a703195250d2c5d78ba18d568b30c91421e28cadcc8eba838c4a3293956087 37 5 20233 322
ff80da9089d67a634093336c8023d813c04e69a42465391e31bd565aaed27631 2 2 3774 204
db5d5302391df6a73bb67c65f89329710a0348f0109a7316e3e1e9a4e015662b 54 0 0 0
160e8711bd3e0812302749f42795507ff51ef74fd52b4c0b5d5d116ad83b3ce8 2 2 3394 457
26f0311a9a3b2c9f140e0d9f1d817406979cfb6c188cffc2ba131e4f2368cca1 15 13 487046 363
b3067b718680e029f49918ec112926b61be068f8a9c9f0d3e79be8222b5b4b96 6 2 352 1
1d0ea91624f5487feb4537bcfa6e0ce2cbeabdee02197d52f147a840362b2437 2 2 1999 0
02c3b67f343e95bdbd39ba99d8febec3e95b78fe826577bb9874e1ba87296846 87 9 4282 1123
09cf483dc8e94b937df3aeffdfdd2d35d8bd5f55ed69104b72fb070f4a32accb 3 3 1194 7
fc878c0ea34ca8f09d8f29a560c41e84b6b30d1105580a91c6f866dff5d5c028 2180 0 0 0
426ccb255a40ad20fb25a36e5a20f6756e13ee4d0b95edf249874bcbe32d2cb5 10 7 9153 384
0243abe50dce65796d6373e154626cd056a256b7d203d745227d2b7e0597c9f6 64 64 17077 6073
1f100d94e59f6d275ca53c5e3b5d900e34a86bd405dfeeff2a8b23cb4596e6c6 29 20 30358 2704
52edd37d09a4a408b40ef9c357f40278b30fdbe3f2db1bdb4a6ab0feb9a2bb0b 9 9 2008 31
eb23c0bfd343849d42595ec5f740c8ae31fccfbe005faf44363c1247893c0a3d 20 14 8289 727
5a09eb35bdf83054cbfca069d7b686351190e662cc133e929b5a0f5c7e2906ee 3 3 3442 4
d56d9d97484a11655cbe42e83e18e992b53f5e425dc84790f886d4ccb02334e5 14 14 18915 830
a1b985265c75c6e741557d8c503c8d8d2703c7a08cadf2c15a056f78fb5496a0 4 4 10971 23
c28c27d0634111aaa6483a736b4bdd80d70d52da41ed21c199e6de8797990dda 1 1 1 0
bcdc0106e2e6187291f5837e69afe53d34e2896a997e146b12c38993ce9f7df6 1 1 1 0
27cf022e546f19c7a1bf50ed5e3576b1cfad92a9385bb318c5acef6792c67799 12 9 6298 531
2f3302e1467c7b480ae9bd19598292efb76260bb184e68cfefae8a1f5f281b34 1 1 4140 0
79819e7a3bfb3602ceb09bf875b13c47e2c885c1d396765a3b4774fd5e87bdd3 1 1 2 0
9b47573e9c1c571c7a4d56411a2fdc081c6dbcb910ed06c9850fa725f8eea1e1 18 18 133603 117979
0f93bcfb341b2347da5dffc41346d1676e7bd5637850bb069e3acc838ab5a760 5 5 5171 1401
0d14f5cc80307a565d76d4b4d8ea3f11fc4c6f92c569d425cc034d9b74af22be 1 1 439755 0
22cafbc5f49930d753fb24c8a4ab25011ebb323e52c9d0f2d7fc681c29073c7e 6 6 294 2
aa295191dd4f79e2644356aa2b9f669d7c15db5732e68b29b603e6fac43cd10e 9 1 143 20
6d304ac1f7a87bf4e9b8dc7f13ee974d50865602962d2d8cca1f0a69fdd85b20 400 0 0 0
11ceeddbc20211bb12fa1432055facf56b55961455b6c21e07685f8937c8b811 8 8 18826 19
a49c750816808ee3b12a046e822928352d5458f4404b6db97a0aea2d12762d0a 207 30 5696 2133
0a819de91a3dba4368c49c546a763dbbfe8b81366983afef4d6dc095ed3e1eab 1 1 1411 0
39ddfa94679c1ea1abb13d8b803c5266115e7a5e1540778b4f5f796e9d49e759 111 0 0 0
b50bec2636a3b7c6d1f0cc9b896128202ae44e2f81910e7e3c90047d4b39f00d 4 4 11821 343
8056c2d5c79fa90e217c387459bdd06f8857b1f2a20b0d50e703bdbaed43d93b 1 1 1303 0
